+----------------------------------------------------------------------------------------------------------------------------------------------------------------------------------------------------------------------------------------+
; Legal Partition Candidates                                                                                                                                                                                                             ;
+-----------------------------------+-------+----------------+--------------+----------------+--------+-----------------+---------------+-----------------+-------+----------------+--------------+------------------+-------------------+
; Hierarchy                         ; Input ; Constant Input ; Unused Input ; Floating Input ; Output ; Constant Output ; Unused Output ; Floating Output ; Bidir ; Constant Bidir ; Unused Bidir ; Input only Bidir ; Output only Bidir ;
+-----------------------------------+-------+----------------+--------------+----------------+--------+-----------------+---------------+-----------------+-------+----------------+--------------+------------------+-------------------+
; cpu_datapath|stage_WB             ; 348   ; 37             ; 210          ; 37             ; 38     ; 37              ; 37            ; 37              ; 0     ; 0              ; 0            ; 0                ; 0                 ;
; cpu_datapath|sreg_MEM_WB          ; 348   ; 64             ; 0            ; 64             ; 346    ; 64              ; 64            ; 64              ; 0     ; 0              ; 0            ; 0                ; 0                 ;
; cpu_datapath|stage_MEM            ; 317   ; 34             ; 249          ; 34             ; 38     ; 34              ; 34            ; 34              ; 0     ; 0              ; 0            ; 0                ; 0                 ;
; cpu_datapath|sreg_EX_MEM          ; 344   ; 91             ; 0            ; 91             ; 378    ; 91              ; 91            ; 91              ; 0     ; 0              ; 0            ; 0                ; 0                 ;
; cpu_datapath|stage_EX|CMP         ; 69    ; 59             ; 1            ; 59             ; 1      ; 59              ; 59            ; 59              ; 0     ; 0              ; 0            ; 0                ; 0                 ;
; cpu_datapath|stage_EX|ALU         ; 67    ; 62             ; 0            ; 62             ; 32     ; 62              ; 62            ; 62              ; 0     ; 0              ; 0            ; 0                ; 0                 ;
; cpu_datapath|stage_EX             ; 288   ; 0              ; 264          ; 0              ; 38     ; 0               ; 0             ; 0               ; 0     ; 0              ; 0            ; 0                ; 0                 ;
; cpu_datapath|sreg_ID_EX           ; 344   ; 108            ; 0            ; 108            ; 341    ; 108             ; 108           ; 108             ; 0     ; 0              ; 0            ; 0                ; 0                 ;
; cpu_datapath|stage_ID|regfile     ; 50    ; 0              ; 0            ; 0              ; 64     ; 0               ; 0             ; 0               ; 0     ; 0              ; 0            ; 0                ; 0                 ;
; cpu_datapath|stage_ID|control_rom ; 32    ; 85             ; 0            ; 85             ; 245    ; 85              ; 85            ; 85              ; 0     ; 0              ; 0            ; 0                ; 0                 ;
; cpu_datapath|stage_ID             ; 42    ; 55             ; 1            ; 55             ; 309    ; 55              ; 55            ; 55              ; 0     ; 0              ; 0            ; 0                ; 0                 ;
; cpu_datapath|sreg_IF_ID           ; 67    ; 32             ; 0            ; 32             ; 64     ; 32              ; 32            ; 32              ; 0     ; 0              ; 0            ; 0                ; 0                 ;
; cpu_datapath|stage_IF|PC          ; 35    ; 32             ; 0            ; 32             ; 32     ; 32              ; 32            ; 32              ; 0     ; 0              ; 0            ; 0                ; 0                 ;
; cpu_datapath|stage_IF             ; 68    ; 32             ; 31           ; 32             ; 65     ; 32              ; 32            ; 32              ; 0     ; 0              ; 0            ; 0                ; 0                 ;
; cpu_datapath                      ; 68    ; 33             ; 32           ; 33             ; 103    ; 33              ; 33            ; 33              ; 0     ; 0              ; 0            ; 0                ; 0                 ;
+-----------------------------------+-------+----------------+--------------+----------------+--------+-----------------+---------------+-----------------+-------+----------------+--------------+------------------+-------------------+
